# Update posts to draft

UPDATE `wpba_posts` SET `post_status` = 'DRAFT' WHERE `ID` IN (100853,101013,101512,101536,101563,101569,103803,99177,99236,99239,99242,99245,99248,99260,99266,99269,99293,99296,99299,99302,99305,99334,99358,99411,99423,99453,99459,99483,99607,99672,99675,99717,99747,99985,100036,100283,100286,100337,100382,100409,100476,100479,100482,100503,100506,100670,100673,100681,100684,100761,100836,100886,100889,100891,100957,100981,100984,101011,101231,101280,101283,101325,101337,101340,101379,101400,101402,101459,101462,101596,101605,101650,101710,101713,101745,102914,102917,102932,102950,102974,102986,103070,103130,103217,103287,103290,103309,103386,103469,103475,103565,103791,103845,103970,104158,104161,104167,104170,104173,104179,104197,104203,104293,104395,104408,104414,104416,104605,104694,104857,104884,104890,105115,105163,105166,105169,105202,101837,102061,102064,102088,102103,102151,102154,102375,102453,102471,102474,102477,102480,102489,102492,102507,102534,102725,102758,102764,102831,102848,98842,98866,98917,98920,98923,98926,99074,105537,105588,105594,105603,105705,105729,105762,105764,105767,105769,105772,105774,105780,105783,105786,105789,105822,105824,105827,105935,105953,105955,105958,105960,106038,106053,106055,106097,106100,106103,106106,106109,106121,106127,106130,106154,106157,106160,106163,106166,106192,106195,106219,106270,106282,106285,106288,106291,106297,106300,106312,106318,106342,106378,106380,106386,106388,106451,106484,106487,106493,106496,106514,106538,106568,106667,106706,106730,106799,106801,106804,106806,106854,106857,106878,106887,106982,107096,107098,107104,107107,107110,107137,107158,107170,107203,107230,107297,107300,107303,107324,107327,107336,107339,107342,107345,107362,107437,107449,107491,107494,107497,107499,107502,107505,107550,107571,107580,107597,107609,107630,107642,107644,107653,107656,107658,107670,63077,63081,63087,63091,63093,63141,63149,63151,63177,63189,63191,63195,63201,63221,63225,63229,63239,63241,63243,63249,63281,63321,63333,63369,63393,63405,63421,63427,63445,63447,63451,63499,63527,63559,63567,63569,63685,63689,63719,63721,63726,63815,63839,63881,63895,63905,63909,63913,63928,63945,63947,64015,64019,64029,64037,64039,64059,64119,64125,64187,64191,64222,64228,64276,64379,64391,64402,64450,64495,64537,64588,64643,64665,64667,64676,64798,64808,64858,64902,64904,65075,65151,65167,65171,65246,65252,65260,65292,65372,65388,65434,65452,65458,65468,65480,65488,65510,65518,65591,65603,65623,65657,65667,65737,65739,65909,65921,65972,65976,66053,66067,66122,66154,66156,66160,66166,66174,66180,66200,66210,66234,66256,66296,66350,85949,85952,85955,85979,85997,86033,86066,86090,86105,86153,88654,96928,96937,96943)

# Delete posts with their id

DELETE FROM `wpba_posts` WHERE `ID` IN (102971,102031,102082,102106,102438,102483,102486,102495,102519,102522,102543,102851,102857,102860,102866,102869,102941,102977,98674,98731,98740,98966,99426,99429,99432,99438,99441,99663,99666,99693,99846,99885,99909,100033,100057,100066,100161,100289,100316,100349,100515,100518,100521,100524,100541,100616,100628,100729,100752,100780,100792,100813,100871,100874,100877,100880,100900,100906,100939,100975,100978,101295,101298,101328,101349,101373,101438,101533,101557,101560,101581,101593,101693,101698,101716,101763,101766,102983,103016,103019,103031,103034,103037,103040,103091,103121,103178,103199,103220,103223,103226,103279,103303,103306,103312,103392,103431,103445,103454,103457,103490,103493,103496,103510,103513,103516,103568,103616,103619,103661,103691,103697,103711,103753,103806,103887,103902,103940,103964,104086,104176,104272,104275,104278,104329,104371,104374,104863,104866,104869,104872,104875,104878,104881,104887,105028,105058,105061,105070,105100,105103,105121,105124,105127,105130,105133,105136,105148,105160,105172,105178,105187,105208,105220,105229,105232,105241,105438,105441,105453,105456,105459,107688,107691,107694,107697,107703,107706,107708,107717,107723,107756,107774,107792,107795,107798,107801,107830,107832,108048,108077,108097,108100,108112,108115,108273,108279,108282,108291,108294,108303,108312,108327,108333,108354,108356,108383,108404,108407,108410,108416,108424,108457,108478,108481,108502,108505,108508,108514,108526,108538,108541,108550,108595,108610,108612,108615,108617,108620,108622,108625,108627,108633,108635,108638,108641,108643,108655,108658,108661,108666,108690,108708,108711,108717,108770,108773,108782,108845,108848,108851,108854,108860,108941,108944,108974,109004,109007,109025,109031,109046,109049,109094,109097,109318,109345,109381,109396,109414,109417,109420,109423,109426,109429,109432,109435,109438,109450,109462,109465,109477,109486,109668,109701,109707,109740,109772,109787,109790,109796,109799,109805,109808,109853,109856,109871,109880,109889,109910,109913,109916,109925,109955,109958,109970,109973,109976,109979,110009,110030,110060,110069,110117,110138,110156,110159,110162,110165,110198,110200,110218,110221,110223,110226,110229,110232,110234,110237,110239,110242,110245,110248,110251,63063,63119,63227,63437,63497,63535,63613,63629,63867,64027,64045,64093,64097,64113,64141,64147,64151,64153,64163,64183,64214,64236,64424,64482,64487,64493,64503,64521,64758,64762,65096,65181,65189,65223,65286,65380,65382,65400,65428,65478,65492,65504,65565,65639,65649,65839,65863,65877,65885,66104,66118,66132,66178,66188,66196,66198,66208,66230,66232,66236,66242,66244,66264,66284,66310,66324,66338,86003,86069,86072,86075,86078,86123,86278,86296,86326,86356,86359,86362,86383,86401,86404,86431,86434,86473,86506,86667,86691,86697,86718,86721,86747,86750,86771,86774,86795,86833,86881,86884,88807,97355,97525,97641,97854,97893,97920,98046,115707,86941)

# Delete a store
SELECT * FROM `wpba_posts` WHERE `post_author` = '22' AND `post_status` = 'publish'



DELETE FROM `wpba_posts` WHERE `ID` IN ();
UPDATE `wpba_posts` SET `post_status` = 'DRAFT' WHERE `ID` IN ();